Q1 1. [7 56-2 28+8-3] = [7 54 33] No
2. [1-10+8 -2+12-8 5-10+4] = [-1 2 -1] Yes
3. [-5+2+6 6-3-6 2-2-3] = [3 -3 -3]

Q2
Upper triangular form, diagonal gives eigenvalues set of eigenvalues {-3,1,5}
lambda=-3
[lambda+3 -16        -88
    0     lambda-1   -20
    0     0        lambda-5]
=
[-3+3  -16    -88
  0    -3-1   -20
  0     0     -3-5]
=
[0  -16 -88
 0  -4  -20
 0   0  -8]

[0 0  -8
 0 -4 -20
 0 0  -8]

[0 0 -8
 0 -4 -20
 0 0  0]

[0 -4 -20
 0 0  -8
 0 0   0]

[0 -4 0
 0  0 1
 0  0 0]

[0 1 0
 0 0 1
 0 0 0]

[t
 0
 0]
=t[1
   0
   0]

lambda=1
[1+3 -16 -88
 0    1-1  -20
 0    0    1-5]
=
[4 -16 -88
 0  0  -20
 0  0  -4]
=
[4 -16 0
 0  0  0
 0  0  1]
[1 -4 0
 0  0 1
 0  0 0]
=
[4t
 t
 0]
=t[4
   1
   0]

lambda=5
[5+3 -16 -88
 0   5-1 -20
 0   0   5-5]
=
[8 -16 -88
 0  4  -20
 0  0   0]
=
[1 -2 -11
 0  1  -5
 0  0   0]
=
